1740
9488
2455
1711
5276
1423
2216
8576
1892
7954
3123
3411
3874
2779
3198
6502
8602
4865
0900
6138
9344
6066
1849
6378
8291
3598
4076
3615
4209
7372
6016
5754
1200
1460
7177
7733
5998
1826
6038
0125
0947
8351
2016
4061
8984
1439
8808
7783
8371
0734
9651
0996
8348
4992
5533
3743
8088
0681
9897
2282
8907
8158
6124
2586
2653
9246
1821
1976
2952
0039
1819
5325
2586
7722
9419
6982
5549
1250
8393
9679
9769
3576
6582
5441
6163
3553
2825
3618
6214
6291
5036
4929
3440
5963
4288
7581
2574
4444
2930
7787
3038
2520
3729
7534
3211
3253
5122
2640
7034
0053
1067
5004
5495
6482
1683
1484
9207
0607
0567
3849
2657
7457
9830
2236
7155
4026
0611
1730
0483
0129
0388
5770
8930
7478
3710
0834
5014
5620
3566
6767
7191
6272
7651
3995
9265
3244
4279
2373
1578
5832
4115
9510
6453
0891
3474
6365
2810
3155
2217
4823
6303
5280
7225
9108
5079
0534
1048
5925
4139
5827
9617
7190
3417
5332
4129
0874
5680
7743
1363
0190
4293
1482
0559
3287
4814
3552
6892
9594
5058
8013
2227
0313
3709
5583
7837
9391
8280
1848
6093
0087
6356
5839
4839
7645
8615
5196
4542
5326
8266
3945
6253
5661
4462
6825
5101
5176
0024
3362
8234
3436
8473
9800
8805
1436
3921
9823
4023
1989
8913
5142
5389
2870
1481
9359
7980
1475
5509
2824
5044
0511
5908
3872
6938
1033
8480
1541
3735
8569
0893
6069
7894
1566
6667
1406
1214
9523
4152
3168
8277
1260
4946
0362
4588
1214
9824
5299
8386
9866
2382
6275
7827
8020
8928
2055
2767
8781
6095
8900
0725
5214
8646
8983
5515
5840
5472
1499
0303
5076
7836
4419
5574
7340
8815
2324
6662
9049
3119
9555
6059
4634
9053
9128
8186
0249
0221
5444
2504
2127
7955
4034
1229
8227
8583
9446
9856
6072
7264
7132
1638
3286
0126
0546
7934
7881
6387
6172
3785
8587
3310
8109
2491
5733
4220
1277
0241
0373
9597
2028
6708
1830
3620
2841
8375
8170
4881
3678
9555
6630
0882
3065
0972
2829
4482
7258
4739
5190
2831
4310
4079
0814
0795
3823
2104
0759
0512
0989
1733
0766
0289
8999
4208
7873
0764
2191
6033
6221
4326
0549
6082
7407
6012
9385
1566
8898
7079
1586
3945
3823
9485
1328
1646
7796
4192
6315
9702
6176
2534
0755
3188
8017
5059
0935
4272
6722
0117
5918
1786
6992
6658
4037
8311
2576
2161
1574
8564
9843
2538
3270
6801
1953
6315
3403
1790
3529
1261
7015
2290
5183
6886
1667
0498
9498
7564
8687
8095
6900
1355
8017
7467
0741
2183
5714
7682
3027
8859
7134
7137
1275
3445
5141
2663
3008
1381
6980
1393
9365
5405
0655
1896
2250
5252
0672
8006
8306
4370
5207
5618
1856
5926
5232
1228
8874
0059
9530
9951
1123
3972
3304
8439
2490
5747
6630
9080
1510
3958
9625
7638
5930
2515
7794
1785
7884
2384
1304
1772
1313
1515
0512
2155
3892
8427
5840
9443
5841
0334
0675
5609
8357
9048
7402
3541
6645
2912
4993
7658
7897
7165
0132
6057
4490
6119
0421
9709
3331
3569
5988
3951
3628
8198
1334
3927
2176
1730
6025
6072
0954
3256
0881
5757
9237
2793
6381
0687
6512
9561
5413
8509
2133
5290
4857
3303
0321
1081
8728
9230
2825
5812
4988
2717
9503
4015
3423
2949
2490
4498
5323
0171
9883
2933
2834
0201
2107
6680
5889
5732
2200
2316
8772
8795
9291
3081
9202
4758
1007
1693
0373
0432
3102
7713
0703
6319
5615
1097
3081
5171
7949
8001
8508
9280
8514
7361
6808
6571
0283
5561
4938
3233
7301
4878
9897
9195
8969
3314
1457
6346
3834
2789
0140
7349
4568
9899
7084
5693
6200
6516
1973
5006
5182
7245
2258
6983
5505
8150
7341
5641
7040
6105
5258
3278
5272
9763
1598
9549
5252
2308
7283
7541
8296
8981
6375
4101
2285
4677
3449
1838
7971
1435
2915
5679
0231
9878
4443
5802
9498
3504
3525
7774
4041
1540
2868
1476
4987
3862
8098
0496
8284
7940
7481
8221
4669
3813
6452
2010
3873
3145
6121
9180
4774
1198
1032
5032
2633
6158
2193
9721
3209
2745
0329
7801
1474
3996
7620
9623
0351
9679
2756
8246
3091
8768
4037
9622
7307
3073
6467
4012
4463
4502
0169
3791
5244
1346
8870
3446
7181
2123
1110
8910
9774
5167
8393
1396
3752
0717
0671
7548
1752
1753
1000
5007
8649
1480
8997
9996
0638
0369
4204
4369
1891
1863
5091
0822
6897
7893
0563
9774
3583
3361
0474
2715
7227
0360
9896
4029
0322
4774
5313
3435
2169
8841
4573
0277
7020
0864
5015
7327
9114
0331
5830
5102
5104
0648
9562
2217
4786
0021
3924
1540
6681
3310
5893
8984
3996
9772
5232
8338
5788
1351
2086
5539
5354
8503
5084
3581
2602
2165
0177
3835
1321
9423
0148
6613
8794
4354
4277
5669
0709
8673
2015
3565
4681
5853
3287
6964
6321
0587
0037
3462
0116
5349
5343
7709
1540
0712
3773
3391
5888
0244
3367
6614
8165
9687
1916
7637
1279
4718
2488
1620
4859
4449
9453
2174
3190
7384
2698
7748
7832
1937
4443
5132
8090
3494
4398
5381
2389
8510
6181
8772
8236
6965
1380
7616
0310
4315
8954
5744
6775
2688
9198
0502
9602
2926
7360
5217
1153
2668
1586
9466
2881
6878
9790
5826
9717
5164
4996
1556
0750
7956
8537
0752
3049
8580
0977
4475
9232
2319
7304
3780
8812
7491
9362
0720
0535
7744
3386
4459
2442
4253
2340
2372
0776
1756
7908
5742
5658
8285
2767
3356
9445
9692
9561
7837
2691
0045
6364
8510
6181
8772
8236
6965
1380
7616
0310
4315
8954
5744
6775
2688
9198
0502
9602
2926
7360
5217
1153
2668
1586
9466
2881
6878
9790
5826
9717
5164
4996
1556
0750
7956
8537
0752
3049
8580
0977
4475
9232
2319
7304
3780
8812
7491
9362
0720
0535
7744
3386
4459
2442
4253
2340
2372
0776
1756
7908
5742
5658
8285
2767
3356
9445
9692
9561
7837
2691
0045
6364
6763
9147
5005
5886
9815
6060
4786
4034
1004
3610
5686
7678
9451
0286
7077
4622
9656
4069
6291
2647
0824
1003
6179
8029
8974
7753
9129
6114
9869
7482
5825
6193
7132
0689
9391
1348
2491
4394
9521
6725
1807
5742
9184
4812
8467
3158
5426
6461
4046
6758
1151
1907
6344
5726
5629
6532
1634
9056
5065
3326
6062
0052
0561
0494
0266
4072
6685
1002
1384
3508
7053
5630
2993
7939
3025
1183
3746
7194
6128
2577
8420
6505
6072
4440
5066
2631
7555
4899
8127
7921
8297
9900
6425
3519
7849
1987
9695
6474
4865
1498
8734
5775
1337
9653
4024
9804
2615
6105
0487
0817
2801
1910
3232
2818
7562
6474
3705
4373
8056
8268
1266
2430
2051
0580
1382
8457
2389
1622
1385
6689
3576
9577
0025
9303
7615
2595
3553
6685
2102
6896
2588
6616
7125
2492
7004
9081
0017
3569
5066
2367
5256
6678
6455
8004
4228
6509
9938
7151
9985
2310
7388
5969
3119
1246
8089
5046
8673
3173
1342
7733
6553
6095
6332
9963
5514
7179
9652
2370
9769
5699
3581
8961
8453
4641
5217
5483
8523
1320
0085
2887
1086
3222
7084
7434
4460
5537
2190
8880
9167
8659
8054
6764
0188
4946
4092
9124
3997
7667
9394
5469
8682
6758
6824
3566
2649
2429
6622
5652
9574
4349
2133
7330
5451
2856
0189
2738
4267
6302
9399
2229
4948
4634
2833
7837
5914
9176
2522
8615
5962
6890
6406
6354
1884
4732
4325
1249
5068
5419
1923
2229
1750
9989
8018
0684
5508
6054
6293
2563
5728
5489
2868
8859
9429
9878
3130
6634
0837
6605
2073
6879
4808
5724
2920
1501
4005
7477
5283
5978
9609
0191
6014
3479
6907
5549
4209
7337
7053
1264
2460
3527
1149
6598
7840
2905
8262
9698
3957
0120
7656
3285
5880
1945
6771
8363
3835
9611
9439
1926
0709
3873
0868
3068
5398
6056
3896
0599
1754
8841
1702
5688
0534
3756
0610
9879
5371
1731
6914
2708
6497
0131
1999
5935
6143
9545
5037
2243
0580
3065
4088
4817
7809
0002
0454
2168
4666
2885
2769
2160
7600
5584
4396
3684
1155
4292
4057
6044
7559
1844
6510
4995
8754
8602
6273
1595
9897
4084
7208
8602
3913
7933
1256
2061
7705
6122
6105
5331
2572
1712
2809
4931
4143
0487
3282
3985
0835
1583
7160
9053
1420
1590
4260
5242
3850
5329
7374
9888
0973
0761
2428
6398
3510
9625
4853
1708
0469
6852
2217
8599
2969
5062
5231
6102
2103
5500
8016
4490
9251
4021
5163
0825
6424
5211
5051
7237
3098
4495
0512
4060
1993
7056
0857
9102
6909
5991
1475
1398
4344
0174
1750
9581
2709
6788
4851
3514
7246
4814
8666
0979
9341
4076